Scenario [/ns/][1][1]
649,0
669,0
663,0
675,0
675,0
661,0
668,0
664,0
665,0
672,0
650,0
664,0
733,0
649,0
679,0
675,0
655,0
644,0
660,0
657,0
649,0
677,0
665,0
666,0
677,0
683,0
650,0
669,0
664,0
673,0
--------------------------
Scenario [/ns/][1][3]
2150,0
2081,0
2146,0
2122,0
2030,0
2099,0
2163,0
2106,0
2113,0
2167,0
2076,0
2100,0
2169,0
2242,0
2068,0
2120,0
2086,0
2209,0
2124,0
2207,0
2085,0
2203,0
2182,0
2052,0
2122,0
2110,0
2132,0
2108,0
2110,0
2156,0
--------------------------
Scenario [/ns/][1][14]
6973,0
6832,0
6994,0
6878,0
7011,0
6920,0
6793,0
7075,0
6852,0
6920,0
7050,0
6822,0
6925,0
6786,0
6917,0
6904,0
6868,0
6913,0
6972,0
6966,0
6989,0
6783,0
6889,0
6817,0
6781,0
6841,0
6933,0
6928,0
6843,0
6891,0
--------------------------
Scenario [/ns/][1][50]
22913,0
22949,0
23554,0
23140,0
23891,0
23388,0
23032,0
23183,0
22941,0
22947,0
23192,0
23198,0
24149,0
23419,0
23215,0
23320,0
23268,0
23021,0
23563,0
23445,0
23423,0
22986,0
23839,0
23219,0
22967,0
23478,0
23395,0
23522,0
23378,0
23690,0
--------------------------
Scenario [/ss/][1][1]
606,0
643,0
624,0
639,0
608,0
612,0
651,0
612,0
612,0
632,0
620,0
630,0
635,0
619,0
610,0
513,0
653,0
626,0
614,0
642,0
646,0
625,0
600,0
608,0
616,0
611,0
618,0
643,0
620,0
628,0
--------------------------
Scenario [/ss/][1][3]
1986,0
1906,0
1954,0
1982,0
1956,0
1892,0
1960,0
1979,0
1943,0
1942,0
1935,0
1942,0
1909,0
1919,0
1944,0
1904,0
1959,0
1882,0
1936,0
1962,0
1954,0
1933,0
1988,0
1996,0
1983,0
2034,0
2038,0
1953,0
1948,0
1966,0
--------------------------
Scenario [/ss/][1][14]
6285,0
6288,0
6295,0
6279,0
6452,0
6288,0
6351,0
6253,0
6291,0
6312,0
6350,0
6126,0
6171,0
6394,0
6463,0
6249,0
6374,0
6253,0
6326,0
6419,0
6162,0
6196,0
6324,0
6343,0
6349,0
6285,0
6346,0
6338,0
6332,0
6257,0
--------------------------
Scenario [/ss/][1][50]
21034,0
20850,0
21045,0
21009,0
21204,0
20548,0
20964,0
21015,0
21050,0
20953,0
21326,0
21165,0
21049,0
20906,0
21271,0
20921,0
21079,0
20826,0
20868,0
21366,0
20980,0
21246,0
21148,0
21124,0
20821,0
21269,0
20732,0
20928,0
21016,0
21014,0
--------------------------
Scenario [/ns/][2][1]
719,0
774,0
694,0
681,0
652,0
711,0
705,0
733,0
725,0
686,0
713,0
724,0
725,0
707,0
736,0
698,0
708,0
688,0
744,0
705,0
764,0
699,0
807,0
695,0
756,0
695,0
712,0
755,0
708,0
721,0
--------------------------
Scenario [/ns/][2][3]
2435,0
2405,0
2362,0
2321,0
2305,0
2303,0
2330,0
2328,0
2359,0
2225,0
2449,0
2300,0
2320,0
2234,0
2345,0
2341,0
2334,0
2319,0
2260,0
2416,0
2298,0
2494,0
2295,0
2236,0
2279,0
2325,0
2414,0
2214,0
2291,0
2347,0
--------------------------
Scenario [/ns/][2][14]
8151,0
8161,0
7855,0
8451,0
8261,0
8154,0
8259,0
7973,0
8461,0
8486,0
8291,0
7735,0
8137,0
8162,0
9063,0
7909,0
8544,0
8212,0
7944,0
8506,0
9080,0
8057,0
8002,0
8085,0
8141,0
8450,0
8530,0
8349,0
8106,0
8391,0
--------------------------
Scenario [/ns/][2][50]
27479,0
28991,0
27975,0
28042,0
28274,0
28787,0
27984,0
28076,0
27851,0
29907,0
28378,0
28120,0
29001,0
29109,0
27927,0
28978,0
28952,0
30430,0
28023,0
27946,0
27469,0
28059,0
30127,0
30102,0
28476,0
28635,0
29176,0
28054,0
30619,0
27927,0
--------------------------
Scenario [/ss/][2][1]
604,0
588,0
646,0
605,0
604,0
599,0
602,0
633,0
611,0
623,0
618,0
630,0
623,0
626,0
621,0
643,0
663,0
621,0
619,0
631,0
616,0
622,0
602,0
606,0
608,0
645,0
620,0
619,0
615,0
641,0
--------------------------
Scenario [/ss/][2][3]
1917,0
1954,0
1928,0
1975,0
1947,0
1982,0
2022,0
1944,0
1968,0
1954,0
2016,0
1921,0
1944,0
1957,0
1968,0
1943,0
1903,0
1966,0
1922,0
1992,0
1952,0
1933,0
1944,0
1952,0
1950,0
1991,0
2006,0
1948,0
1954,0
1951,0
--------------------------
Scenario [/ss/][2][14]
6156,0
6400,0
6380,0
6302,0
6311,0
6364,0
6364,0
6355,0
6228,0
6300,0
6238,0
6353,0
6233,0
6176,0
6322,0
6242,0
6428,0
6361,0
6158,0
6100,0
6335,0
6397,0
6524,0
6315,0
6426,0
6339,0
6328,0
6102,0
6592,0
6486,0
--------------------------
Scenario [/ss/][2][50]
20942,0
21011,0
21073,0
20679,0
20892,0
21075,0
20969,0
20777,0
20874,0
21000,0
21155,0
21075,0
21016,0
21215,0
21131,0
21162,0
21024,0
20999,0
20861,0
21738,0
21281,0
21339,0
21116,0
20704,0
20819,0
21211,0
20885,0
21326,0
21387,0
21103,0
--------------------------
Scenario [/ns/][3][1]
716,0
710,0
705,0
729,0
725,0
737,0
685,0
712,0
638,0
707,0
702,0
713,0
687,0
701,0
696,0
715,0
686,0
710,0
687,0
709,0
646,0
694,0
716,0
712,0
708,0
713,0
685,0
696,0
719,0
722,0
--------------------------
Scenario [/ns/][3][3]
2413,0
2251,0
2453,0
2403,0
2466,0
2436,0
2471,0
2424,0
2412,0
2386,0
2411,0
2446,0
2423,0
2387,0
2369,0
2464,0
2340,0
2441,0
2305,0
2437,0
2395,0
2445,0
2387,0
2355,0
2382,0
2384,0
2390,0
2360,0
2479,0
2517,0
--------------------------
Scenario [/ns/][3][14]
8235,0
8469,0
8543,0
8393,0
8296,0
8343,0
8128,0
8600,0
8396,0
8605,0
8376,0
8144,0
8556,0
8660,0
8508,0
8527,0
8209,0
8338,0
8587,0
8268,0
8220,0
8591,0
8541,0
8520,0
8267,0
7966,0
8606,0
8534,0
8379,0
8350,0
--------------------------
Scenario [/ns/][3][50]
29192,0
29103,0
28969,0
29458,0
28728,0
28908,0
28640,0
29488,0
29061,0
28303,0
29152,0
28797,0
27820,0
28854,0
28808,0
28936,0
28899,0
29352,0
29300,0
29848,0
28743,0
28869,0
28604,0
28282,0
28473,0
27958,0
27893,0
28881,0
29106,0
28749,0
--------------------------
Scenario [/ss/][3][1]
574,0
579,0
582,0
601,0
588,0
578,0
577,0
591,0
580,0
596,0
540,0
571,0
554,0
593,0
588,0
569,0
588,0
575,0
586,0
580,0
563,0
590,0
591,0
582,0
558,0
579,0
569,0
587,0
592,0
553,0
--------------------------
Scenario [/ss/][3][3]
1896,0
2015,0
1932,0
1925,0
1963,0
2001,0
1899,0
1998,0
1940,0
1980,0
1996,0
1983,0
1988,0
1946,0
2043,0
1975,0
1971,0
1981,0
1988,0
1973,0
1981,0
1975,0
1949,0
1998,0
1995,0
2030,0
1981,0
1991,0
1994,0
1905,0
--------------------------
Scenario [/ss/][3][14]
6936,0
6966,0
6787,0
7111,0
6870,0
7155,0
6852,0
7051,0
7120,0
7123,0
7066,0
7111,0
7043,0
7103,0
7131,0
6844,0
6975,0
6730,0
6986,0
7141,0
6916,0
6854,0
6920,0
7078,0
6914,0
7111,0
7027,0
7057,0
6982,0
7058,0
--------------------------
Scenario [/ss/][3][50]
24135,0
24151,0
24229,0
24612,0
24077,0
24211,0
24435,0
23844,0
24547,0
24174,0
24148,0
24550,0
24387,0
24654,0
23822,0
24730,0
24702,0
24261,0
24160,0
24088,0
24015,0
23892,0
24592,0
24328,0
24060,0
24255,0
23870,0
24616,0
24006,0
24146,0
--------------------------
Scenario [/ns/][4][1]
833,0
791,0
870,0
830,0
815,0
814,0
807,0
814,0
844,0
838,0
809,0
812,0
850,0
816,0
839,0
813,0
842,0
802,0
817,0
810,0
818,0
819,0
841,0
845,0
814,0
801,0
798,0
835,0
822,0
837,0
--------------------------
Scenario [/ns/][4][3]
2774,0
2717,0
2841,0
2742,0
2763,0
2821,0
2745,0
2791,0
2841,0
2759,0
2781,0
2851,0
2736,0
2820,0
2868,0
2814,0
2730,0
2740,0
2885,0
2826,0
2859,0
2814,0
2726,0
2857,0
2777,0
2798,0
2756,0
2851,0
2684,0
2787,0
--------------------------
Scenario [/ns/][4][14]
9486,0
9767,0
9660,0
9462,0
10124,0
10074,0
9602,0
9658,0
9844,0
9951,0
9671,0
9727,0
9739,0
9873,0
9790,0
9725,0
10000,0
9795,0
10071,0
9967,0
9977,0
10190,0
10161,0
10149,0
9593,0
9820,0
9973,0
10179,0
10016,0
9793,0
--------------------------
Scenario [/ns/][4][50]
34558,0
33753,0
35128,0
34681,0
35052,0
34021,0
35037,0
34853,0
34452,0
34085,0
34777,0
33757,0
35335,0
35185,0
34548,0
34425,0
34226,0
34646,0
33814,0
33708,0
33952,0
34411,0
34875,0
34706,0
34251,0
34462,0
34494,0
34338,0
34873,0
33834,0
--------------------------
Scenario [/ss/][4][1]
566,0
577,0
566,0
577,0
560,0
584,0
572,0
591,0
567,0
603,0
579,0
556,0
549,0
580,0
574,0
567,0
575,0
609,0
557,0
580,0
600,0
570,0
579,0
575,0
591,0
587,0
585,0
586,0
603,0
598,0
--------------------------
Scenario [/ss/][4][3]
2011,0
1925,0
1970,0
1960,0
1948,0
1992,0
1963,0
2019,0
2011,0
2019,0
1928,0
1895,0
1996,0
1949,0
1994,0
2004,0
2008,0
1984,0
1930,0
1975,0
1992,0
1963,0
2017,0
1990,0
2018,0
2033,0
1941,0
1927,0
1898,0
1961,0
--------------------------
Scenario [/ss/][4][14]
6939,0
6468,0
6908,0
6857,0
6849,0
6934,0
6887,0
6873,0
6805,0
6776,0
6796,0
6916,0
6883,0
6731,0
6865,0
6864,0
6811,0
6700,0
6910,0
6755,0
6940,0
6850,0
7039,0
6794,0
6847,0
6791,0
6869,0
6993,0
6930,0
6908,0
--------------------------
Scenario [/ss/][4][50]
23819,0
23951,0
23900,0
23580,0
24134,0
24554,0
23927,0
24167,0
23833,0
23776,0
23964,0
23706,0
23876,0
23686,0
24007,0
24102,0
24183,0
23774,0
23836,0
23651,0
24572,0
23983,0
24105,0
24089,0
23618,0
24215,0
24353,0
23854,0
23762,0
23575,0
--------------------------
Scenario [/ns/][5][1]
619,0
626,0
626,0
614,0
608,0
634,0
600,0
611,0
624,0
619,0
610,0
630,0
605,0
606,0
620,0
618,0
634,0
602,0
616,0
615,0
605,0
600,0
623,0
612,0
633,0
605,0
623,0
614,0
601,0
602,0
--------------------------
Scenario [/ns/][5][3]
1978,0
1941,0
2004,0
1897,0
1942,0
2032,0
2024,0
1982,0
1898,0
1900,0
1904,0
1962,0
2051,0
1978,0
1971,0
1974,0
1967,0
1933,0
1922,0
1906,0
1947,0
1933,0
1944,0
1949,0
1938,0
1962,0
1980,0
1954,0
1930,0
1942,0
--------------------------
Scenario [/ns/][5][14]
6198,0
6300,0
6235,0
6266,0
6153,0
6230,0
6230,0
6352,0
6404,0
6228,0
6204,0
6286,0
6210,0
6559,0
6259,0
6063,0
6174,0
6271,0
6300,0
6152,0
6177,0
6117,0
6281,0
6308,0
6128,0
6319,0
6277,0
6274,0
6278,0
6131,0
--------------------------
Scenario [/ns/][5][50]
20407,0
20914,0
20855,0
21126,0
21054,0
20955,0
20638,0
21044,0
20730,0
20449,0
20696,0
20655,0
20859,0
20342,0
20733,0
21044,0
21202,0
21022,0
21059,0
20841,0
20643,0
20806,0
20512,0
20988,0
21076,0
21022,0
20671,0
20677,0
20884,0
20675,0
--------------------------
Scenario [/ss/][5][1]
639,0
611,0
614,0
634,0
614,0
622,0
616,0
594,0
616,0
622,0
635,0
622,0
630,0
623,0
631,0
628,0
606,0
616,0
605,0
606,0
624,0
652,0
621,0
635,0
640,0
630,0
627,0
620,0
601,0
610,0
--------------------------
Scenario [/ss/][5][3]
1950,0
2006,0
1939,0
1919,0
1945,0
1938,0
1944,0
1913,0
1940,0
1881,0
1931,0
1983,0
1933,0
1884,0
1927,0
1899,0
1934,0
1962,0
1934,0
1913,0
2012,0
1835,0
1964,0
1956,0
1940,0
1924,0
1964,0
1991,0
1951,0
1953,0
--------------------------
Scenario [/ss/][5][14]
6482,0
6387,0
6330,0
6460,0
6300,0
6200,0
6248,0
6432,0
6120,0
6309,0
6255,0
6191,0
6242,0
6298,0
6267,0
6156,0
6202,0
6245,0
6027,0
6167,0
6175,0
6279,0
6263,0
6291,0
6327,0
6166,0
6214,0
6298,0
6270,0
6259,0
--------------------------
Scenario [/ss/][5][50]
21118,0
20951,0
21091,0
20589,0
21038,0
20768,0
20778,0
20705,0
21114,0
20800,0
20810,0
20436,0
20751,0
21045,0
21238,0
21153,0
20962,0
20751,0
20975,0
21382,0
20963,0
20803,0
21157,0
21192,0
20991,0
20924,0
21026,0
20831,0
20620,0
20837,0
--------------------------
Scenario [/ns/][6][1]
568,0
590,0
580,0
585,0
607,0
602,0
599,0
568,0
592,0
592,0
584,0
571,0
561,0
618,0
574,0
577,0
585,0
574,0
551,0
572,0
565,0
559,0
578,0
566,0
568,0
587,0
582,0
576,0
584,0
606,0
--------------------------
Scenario [/ns/][6][3]
1963,0
2078,0
1967,0
1924,0
2014,0
1970,0
1886,0
1956,0
1951,0
1962,0
1968,0
1951,0
1977,0
1919,0
1966,0
1955,0
1974,0
2006,0
1934,0
1953,0
1969,0
1903,0
1973,0
1964,0
2057,0
2007,0
1987,0
1905,0
1987,0
1961,0
--------------------------
Scenario [/ns/][6][14]
6981,0
6717,0
6818,0
6968,0
6815,0
6974,0
6735,0
6812,0
6875,0
6991,0
6889,0
6848,0
6756,0
6798,0
7032,0
6886,0
6873,0
6975,0
6917,0
6809,0
6891,0
6956,0
6758,0
7087,0
6843,0
6731,0
6805,0
7163,0
6737,0
6782,0
--------------------------
Scenario [/ns/][6][50]
24314,0
23718,0
24104,0
24651,0
24388,0
24121,0
24165,0
24084,0
23867,0
24192,0
24132,0
24451,0
24355,0
23779,0
23973,0
24037,0
23964,0
23851,0
24347,0
23576,0
23804,0
24156,0
24255,0
24280,0
23763,0
23978,0
24189,0
24100,0
23797,0
23773,0
--------------------------
Scenario [/ss/][6][1]
554,0
565,0
571,0
585,0
564,0
595,0
584,0
573,0
577,0
588,0
578,0
569,0
571,0
566,0
572,0
573,0
561,0
588,0
564,0
592,0
574,0
566,0
576,0
547,0
581,0
591,0
572,0
581,0
586,0
572,0
--------------------------
Scenario [/ss/][6][3]
1938,0
1915,0
1927,0
1986,0
1993,0
1947,0
2010,0
1962,0
1939,0
1946,0
1922,0
2000,0
1905,0
1976,0
2007,0
1964,0
1907,0
1965,0
1989,0
1933,0
1911,0
2002,0
1901,0
1990,0
1947,0
2013,0
2011,0
1949,0
1951,0
1963,0
--------------------------
Scenario [/ss/][6][14]
6971,0
6965,0
6994,0
7088,0
6992,0
6957,0
6872,0
7023,0
6971,0
6865,0
7038,0
7033,0
6994,0
6960,0
6843,0
6967,0
6911,0
6929,0
6975,0
6773,0
6945,0
6898,0
6972,0
6919,0
6800,0
6914,0
6931,0
7062,0
6850,0
7020,0
--------------------------
Scenario [/ss/][6][50]
24234,0
24066,0
23645,0
24116,0
23769,0
23904,0
24475,0
23856,0
24198,0
24075,0
23862,0
23478,0
24483,0
23907,0
23749,0
23889,0
24337,0
24370,0
23844,0
24029,0
24360,0
24000,0
23715,0
23696,0
23612,0
23845,0
24051,0
23968,0
24044,0
23806,0
--------------------------
